group 1
9.1737	9.18184	9.19759	9.21993	9.24741	9.27831	9.31073	9.34272	9.37246	9.39844	9.41988	9.43662	9.44822	9.4539	9.45326	9.44643	9.43407	9.41704	9.39552	9.36905	9.33745	9.30109	9.26084	9.21799	9.1734	9.12773	9.08235	9.03931	9.00108	8.9703	8.94961	8.94161	8.94863	8.9726	9.01476	9.06027	9.10828	9.15498	9.19753	9.23397	9.26278	9.28267	9.29255	9.29169	9.27991	9.25757	9.22473	9.18119	9.12729	9.06399	8.9928	8.91533	8.83255	8.74495	8.65334	8.55907	8.4639	8.36965	8.27752	8.18802	8.10148	8.01742	7.93308	7.84107	7.7251	7.55201	7.25731	6.71713	5.65517	4.74187	3.97495	3.33134	2.79146	2.33872	1.95918	1.64105	1.37446	1.15108	0.963929	0.807154	0.675835	0.565848	0.473733	0.396591	0.331992	0.277898	0.232601	0.194672	0.16291	0.136313	0.114038	0.0953803	0.0797489	0.0666485	0.055664	0.046447	0.0387052	0.032193	0.0267036	0.0220628	0.0181233	0.0147597	
9.18184	9.19008	9.206	9.22852	9.25614	9.28707	9.31936	9.35104	9.3801	9.40488	9.42494	9.44142	9.45388	9.46017	9.45932	9.4515	9.43795	9.42088	9.40044	9.37482	9.34327	9.30617	9.265	9.22234	9.17903	9.13448	9.08973	9.04702	9.00902	8.97839	8.95789	8.95022	8.95791	8.98315	9.02761	9.07694	9.13075	9.18145	9.22656	9.26468	9.2946	9.3152	9.32531	9.32406	9.31161	9.28941	9.25744	9.2143	9.15989	9.0953	9.02261	8.94457	8.86201	8.77423	8.68166	8.58574	8.48876	8.39358	8.30126	8.21141	8.12424	8.03954	7.95478	7.86263	7.74637	7.57117	7.26921	6.72428	5.65952	4.74451	3.97657	3.33232	2.79203	2.33904	1.95933	1.6411	1.37444	1.15102	0.963852	0.807066	0.675744	0.565759	0.473649	0.396514	0.331921	0.277834	0.232545	0.194622	0.162867	0.136275	0.114005	0.0953517	0.0797242	0.0666274	0.0556459	0.0464316	0.0386921	0.0321819	0.0266943	0.0220551	0.0181168	0.0147545	
9.19759	9.206	9.22219	9.24498	9.2727	9.30342	9.33518	9.36604	9.39346	9.41488	9.43036	9.44635	9.46248	9.47105	9.46983	9.45903	9.44121	9.4241	9.40774	9.38478	9.35329	9.31368	9.26879	9.22655	9.18757	9.14615	9.10291	9.06105	9.02372	8.99364	8.97363	8.96663	8.97552	9.00298	9.05149	9.10814	9.17753	9.23592	9.28552	9.32651	9.35836	9.38024	9.39064	9.38788	9.37253	9.35075	9.32225	9.28072	9.22525	9.1572	9.08001	9.001	8.92042	8.83299	8.73842	8.63837	8.53637	8.43944	8.34809	8.25806	8.16972	8.08391	7.99886	7.9076	7.79328	7.61736	7.29153	6.73694	5.66718	4.74922	3.97947	3.33408	2.79306	2.3396	1.95959	1.64116	1.37438	1.15089	0.963683	0.806881	0.675556	0.565576	0.473477	0.396355	0.331777	0.277705	0.23243	0.194521	0.162778	0.136198	0.113938	0.0952941	0.0796747	0.0665849	0.0556096	0.0464006	0.0386659	0.0321597	0.0266756	0.0220394	0.0181039	0.0147439	
9.21993	9.22852	9.24498	9.26788	9.29524	9.32486	9.35495	9.38433	9.4092	9.42305	9.42359	9.43899	9.46915	9.48432	9.48261	9.46431	9.43182	9.41481	9.41289	9.39686	9.36535	9.31883	9.26017	9.21865	9.19396	9.15956	9.11866	9.07827	9.04277	9.01418	8.99525	8.98929	8.99972	9.02976	9.08252	9.14548	9.22367	9.28868	9.34275	9.38645	9.41983	9.44302	9.45344	9.44559	9.41806	9.39766	9.38328	9.34779	9.29117	9.21525	9.1243	9.04505	8.97575	8.89211	8.795	8.6863	8.57036	8.47191	8.3893	8.30136	8.21151	8.12387	8.03757	7.94495	7.82856	7.64828	7.31272	6.75094	5.67625	4.75498	3.98307	3.33626	2.79431	2.34024	1.95983	1.64116	1.37423	1.15065	0.963396	0.806577	0.675254	0.565287	0.473208	0.396109	0.331555	0.277507	0.232255	0.194367	0.162644	0.136081	0.113837	0.0952068	0.0795996	0.0665206	0.0555546	0.0463539	0.0386262	0.0321262	0.0266474	0.0220159	0.0180844	0.0147279	
9.24741	9.25614	9.2727	9.29524	9.32112	9.34736	9.37254	9.4001	9.4243	9.42574	9.3768	9.3916	9.47125	9.50027	9.49801	9.46494	9.38297	9.36656	9.41385	9.41143	9.37976	9.31886	9.21236	9.1724	9.19505	9.17189	9.13147	9.09288	9.06226	9.03734	9.02061	9.01624	9.02844	9.06107	9.11774	9.18575	9.27004	9.34013	9.39745	9.44195	9.47415	9.49894	9.51172	9.49361	9.41632	9.39931	9.43909	9.41731	9.35938	9.26712	9.12652	9.04966	9.02742	8.95331	8.85299	8.72715	8.56431	8.46648	8.42331	8.33986	8.24616	8.15622	8.07019	7.97652	7.85743	7.67282	7.33139	6.76429	5.68526	4.76084	3.98674	3.33845	2.7955	2.34078	1.95994	1.641	1.37391	1.15024	0.962953	0.806129	0.67482	0.564878	0.472831	0.395767	0.331249	0.277235	0.232015	0.194157	0.162461	0.135922	0.1137	0.0950886	0.0794982	0.0664338	0.0554806	0.0462909	0.0385728	0.0320811	0.0266096	0.0219843	0.0180582	0.0147065	
9.27831	9.28707	9.30342	9.32486	9.34736	9.36529	9.37516	9.4017	9.44011	9.44879	9.40056	9.41606	9.49744	9.52649	9.52362	9.48946	9.4054	9.38876	9.4376	9.43574	9.40415	9.34275	9.2342	9.19316	9.21461	9.18421	9.13031	9.09291	9.0769	9.06022	9.04743	9.0453	9.05947	9.0946	9.15475	9.22686	9.31581	9.38955	9.44801	9.48842	9.50895	9.53683	9.56818	9.56143	9.48814	9.47478	9.51971	9.49886	9.43995	9.34515	9.19928	9.12071	9.10001	9.02468	8.92183	8.79198	8.62213	8.51873	8.46948	8.37448	8.26457	8.17169	8.09411	8.00245	7.88151	7.69323	7.3473	6.77598	5.69323	4.766	3.9899	3.34022	2.79633	2.34098	1.95975	1.64057	1.37334	1.14961	0.96231	0.805501	0.674226	0.564329	0.472331	0.395318	0.330849	0.276882	0.231705	0.193887	0.162226	0.135719	0.113525	0.0949382	0.0793694	0.0663237	0.0553868	0.0462113	0.0385054	0.0320242	0.0265618	0.0219444	0.0180251	0.0146794	
9.31073	9.31936	9.33518	9.35495	9.37254	9.37516	9.33438	9.35995	9.45329	9.49243	9.49881	9.51551	9.54679	9.56121	9.55767	9.53677	9.50106	9.48329	9.48305	9.46804	9.43679	9.38954	9.32849	9.28442	9.25282	9.19331	9.0881	9.05232	9.08354	9.08137	9.07384	9.07438	9.09065	9.12816	9.19142	9.26692	9.35961	9.43595	9.49371	9.52233	9.49065	9.52242	9.61957	9.6511	9.64647	9.63636	9.6293	9.59427	9.53444	9.45257	9.35221	9.26752	9.19648	9.10763	9.00299	8.8841	8.75322	8.63808	8.5292	8.40204	8.23988	8.14535	8.10785	8.02298	7.90112	7.70973	7.36006	6.78524	5.69939	4.76981	3.99204	3.34119	2.79651	2.34065	1.9591	1.63975	1.37244	1.1487	0.961415	0.804655	0.673444	0.563618	0.471692	0.394749	0.330346	0.276441	0.23132	0.193552	0.161936	0.135469	0.11331	0.094754	0.0792119	0.0661894	0.0552725	0.0461143	0.0384233	0.0319551	0.0265038	0.021896	0.0179851	0.0146467	
9.34272	9.35104	9.36604	9.38433	9.4001	9.4017	9.35995	9.38728	9.4854	9.53211	9.55291	9.56912	9.58518	9.59239	9.58818	9.57311	9.5511	9.53277	9.51809	9.4968	9.4657	9.42496	9.37787	9.33332	9.28735	9.22032	9.11049	9.07289	9.10483	9.10382	9.09856	9.10144	9.11991	9.15972	9.22574	9.30405	9.39982	9.47866	9.5387	9.57048	9.54161	9.58031	9.68968	9.73342	9.74645	9.73649	9.71334	9.67114	9.61021	9.53316	9.44517	9.35745	9.26998	9.17366	9.06718	8.9518	8.83075	8.71088	8.58474	8.44615	8.27338	8.17188	8.12995	8.04102	7.91619	7.72183	7.369	6.79137	5.7031	4.77174	3.99271	3.341	2.79577	2.33957	1.95784	1.63841	1.37111	1.14741	0.960215	0.803552	0.672443	0.56272	0.470894	0.394045	0.329729	0.275903	0.230853	0.193147	0.161588	0.13517	0.113053	0.0945342	0.0790242	0.0660296	0.0551369	0.0459993	0.0383262	0.0318733	0.0264352	0.0218389	0.0179379	0.0146081	
9.37246	9.3801	9.39346	9.4092	9.4243	9.44011	9.45329	9.4854	9.53347	9.56398	9.57958	9.59367	9.60852	9.61494	9.61011	9.59456	9.57218	9.55352	9.53854	9.51706	9.48589	9.44528	9.39874	9.3557	9.31426	9.26228	9.19858	9.15541	9.13615	9.12216	9.11796	9.12401	9.14521	9.1874	9.25587	9.3363	9.43408	9.51419	9.57757	9.62881	9.66605	9.71585	9.78093	9.80897	9.80956	9.7955	9.7706	9.72723	9.66497	9.58633	9.49672	9.40748	9.31853	9.22066	9.1124	8.99519	8.87291	8.75396	8.63547	8.50829	8.36779	8.25285	8.15667	8.05232	7.92439	7.72827	7.37328	6.79363	5.7038	4.77132	3.99153	3.33936	2.79385	2.33754	1.95581	1.63645	1.36926	1.1457	0.958656	0.802148	0.671191	0.561612	0.46992	0.393192	0.328987	0.275259	0.230296	0.192668	0.161176	0.134817	0.112751	0.0942766	0.078805	0.0658433	0.0549789	0.0458657	0.0382134	0.0317785	0.0263558	0.0217727	0.0178832	0.0145634	
9.39844	9.40488	9.41488	9.42305	9.42574	9.44879	9.49243	9.53211	9.56398	9.57856	9.57532	9.58721	9.61531	9.62761	9.62228	9.59977	9.5629	9.54415	9.54308	9.52764	9.49615	9.44903	9.38917	9.3481	9.32436	9.28695	9.23778	9.18693	9.13922	9.11855	9.12599	9.13964	9.16494	9.20969	9.28024	9.36193	9.45973	9.53582	9.58981	9.65357	9.73031	9.79229	9.84115	9.85173	9.82908	9.81166	9.80091	9.7631	9.69939	9.61239	9.50698	9.41777	9.3425	9.24926	9.13918	9.01411	8.87824	8.76181	8.66059	8.54473	8.41366	8.28553	8.15582	8.04075	7.92101	7.72755	7.37212	6.79144	5.70103	4.76817	3.9882	3.33599	2.79056	2.3344	1.95287	1.63375	1.3668	1.1435	0.956687	0.800405	0.669657	0.560269	0.468748	0.392176	0.328107	0.2745	0.229644	0.192108	0.160696	0.134407	0.112402	0.0939794	0.0785524	0.0656291	0.0547976	0.0457125	0.0380844	0.0316701	0.0262652	0.0216973	0.0178209	0.0145125	
9.41988	9.42494	9.43036	9.42359	9.3768	9.40056	9.49881	9.55291	9.57958	9.57532	9.51658	9.5267	9.6066	9.63315	9.62741	9.58983	9.50093	9.48273	9.5331	9.53123	9.49916	9.437	9.32696	9.28848	9.31745	9.29697	9.25206	9.18735	9.0896	9.06838	9.12059	9.14835	9.17859	9.22572	9.29791	9.38028	9.47638	9.5405	9.54202	9.6113	9.76141	9.84187	9.87794	9.86436	9.77458	9.75591	9.8058	9.78261	9.71736	9.61226	9.44984	9.36417	9.34444	9.26307	9.15089	9.00869	8.82217	8.71171	8.66357	8.56245	8.43764	8.29075	8.0989	7.97777	7.90471	7.71995	7.36548	6.7845	5.69447	4.76201	3.98245	3.33067	2.7857	2.33	1.94892	1.63022	1.36367	1.14073	0.954259	0.798282	0.667809	0.558666	0.467362	0.39098	0.327079	0.273618	0.228888	0.191462	0.160145	0.133938	0.112003	0.0936404	0.078265	0.0653858	0.054592	0.0455392	0.0379386	0.0315478	0.0261629	0.0216123	0.0177508	0.0144552	
9.43662	9.44142	9.44635	9.43899	9.3916	9.41606	9.51551	9.56912	9.59367	9.58721	9.5267	9.53592	9.61562	9.6419	9.63585	9.59782	9.50817	9.48959	9.53992	9.5377	9.50519	9.44262	9.33224	9.29399	9.32381	9.30472	9.26121	9.19649	9.0975	9.07537	9.12769	9.15603	9.18709	9.2352	9.30855	9.39214	9.48971	9.55567	9.55961	9.63341	9.78964	9.8713	9.9034	9.88593	9.79281	9.77227	9.82141	9.79735	9.73118	9.62499	9.46112	9.3745	9.35421	9.27194	9.15879	9.01567	8.82843	8.71788	8.67025	8.5702	8.44655	8.29723	8.10015	7.97444	7.89756	7.71024	7.35425	6.77279	5.68395	4.7526	3.97407	3.32324	2.77913	2.32421	1.94383	1.62576	1.35978	1.13735	0.951327	0.795746	0.66562	0.556781	0.465743	0.389592	0.325891	0.272603	0.228022	0.190725	0.159518	0.133405	0.111551	0.0932577	0.0779412	0.0651123	0.0543612	0.0453449	0.0377753	0.031411	0.0260487	0.0215174	0.0176725	0.0143914	
9.44822	9.45388	9.46248	9.46915	9.47125	9.49744	9.54679	9.58518	9.60852	9.61531	9.6066	9.61562	9.64251	9.65382	9.64752	9.62387	9.58548	9.56554	9.56358	9.54693	9.51415	9.46588	9.40529	9.36497	9.34423	9.31222	9.26922	9.218	9.164	9.13955	9.14684	9.16212	9.18989	9.23756	9.31156	9.39687	9.49909	9.58076	9.64317	9.7225	9.82433	9.89006	9.92088	9.91843	9.88576	9.86238	9.8485	9.80791	9.74146	9.65143	9.54241	9.45018	9.37244	9.27633	9.16328	9.03549	8.8975	8.78083	8.68184	8.57057	8.44747	8.31148	8.15954	8.02904	7.89857	7.69789	7.3381	6.75602	5.6692	4.73975	3.9629	3.31354	2.77072	2.31692	1.93753	1.62032	1.35509	1.13331	0.947853	0.792764	0.663065	0.554595	0.463876	0.387999	0.324534	0.271447	0.22704	0.189891	0.158811	0.132806	0.111044	0.0928293	0.0775795	0.0648072	0.0541043	0.0451289	0.0375941	0.0312593	0.0259222	0.0214125	0.017586	0.0143208	
9.4539	9.46017	9.47105	9.48432	9.50027	9.52649	9.56121	9.59239	9.61494	9.62761	9.63315	9.6419	9.65382	9.65824	9.65169	9.63436	9.61	9.58931	9.57227	9.54863	9.51535	9.47303	9.42581	9.38448	9.34927	9.31094	9.26792	9.2226	9.18113	9.15599	9.15038	9.15929	9.18476	9.23185	9.30601	9.39225	9.49709	9.58617	9.66474	9.74567	9.83245	9.89115	9.92128	9.9251	9.90802	9.88326	9.85188	9.80366	9.73685	9.65337	9.55853	9.46407	9.3701	9.26716	9.15384	9.03201	8.9066	8.78778	8.6746	8.55764	8.43427	8.30312	8.16233	8.0295	7.88444	7.67715	7.31537	6.73367	5.64996	4.72326	3.94878	3.30145	2.76036	2.30805	1.92993	1.61382	1.34953	1.12856	0.9438	0.789308	0.660121	0.552089	0.461744	0.386188	0.322997	0.270144	0.225936	0.188956	0.158021	0.132138	0.11048	0.0923534	0.0771785	0.0644696	0.0538205	0.0448906	0.0373944	0.0310924	0.0257832	0.0212972	0.0174911	0.0142433	
9.45326	9.45932	9.46983	9.48261	9.49801	9.52362	9.55767	9.58818	9.61011	9.62228	9.62741	9.63585	9.64752	9.65169	9.64489	9.62726	9.60249	9.58124	9.5636	9.53933	9.50539	9.46238	9.41448	9.37258	9.33693	9.29822	9.25487	9.20926	9.16751	9.1422	9.13652	9.14533	9.17066	9.21753	9.29139	9.37728	9.48169	9.57035	9.6485	9.72912	9.81547	9.87352	9.90274	9.90552	9.88742	9.8619	9.83005	9.78143	9.71427	9.63042	9.53495	9.43964	9.34496	9.24149	9.1277	9.00539	8.87945	8.76038	8.64719	8.53005	8.4063	8.27449	8.13283	7.9993	7.85388	7.64649	7.28538	6.70544	5.62604	4.70301	3.93161	3.28687	2.74798	2.29753	1.92099	1.60622	1.34307	1.12308	0.939142	0.785355	0.656768	0.549247	0.459337	0.38415	0.321272	0.268686	0.224705	0.187917	0.157143	0.131398	0.109857	0.0918286	0.076737	0.0640986	0.0535089	0.0446294	0.0371758	0.0309099	0.0256313	0.0211713	0.0173875	0.0141588	
9.44643	9.4515	9.45903	9.46431	9.46494	9.48946	9.53677	9.57311	9.59456	9.59977	9.58983	9.59782	9.62387	9.63436	9.62726	9.60273	9.56308	9.54144	9.53766	9.51915	9.48445	9.43421	9.37155	9.32961	9.30769	9.27452	9.23061	9.17856	9.12357	9.09844	9.10553	9.12039	9.14763	9.19463	9.26776	9.35204	9.45308	9.53371	9.59506	9.67378	9.77465	9.83839	9.86631	9.86063	9.82465	9.79885	9.78359	9.74163	9.67411	9.58313	9.47216	9.37704	9.29718	9.19963	9.08531	8.95622	8.81647	8.69915	8.60045	8.48874	8.36459	8.22664	8.0717	7.93885	7.80741	7.60618	7.24822	6.67139	5.59743	4.67896	3.91133	3.26976	2.73352	2.2853	1.91065	1.59748	1.33568	1.11682	0.933854	0.780885	0.65299	0.546056	0.456642	0.381876	0.319354	0.267069	0.223341	0.186768	0.156177	0.130585	0.109173	0.0912536	0.076254	0.0636932	0.0531691	0.0443448	0.0369379	0.0307115	0.0254663	0.0210347	0.0172751	0.0140672	
9.43407	9.43795	9.44121	9.43182	9.38297	9.4054	9.50106	9.5511	9.57218	9.5629	9.50093	9.50817	9.58548	9.61	9.60249	9.56308	9.4686	9.44691	9.49689	9.4918	9.45628	9.39083	9.2783	9.23777	9.26464	9.24361	9.19884	9.13302	9.03342	9.00956	9.05985	9.08684	9.11677	9.16365	9.23559	9.3176	9.4136	9.47877	9.48364	9.55779	9.71158	9.78965	9.81613	9.79304	9.6963	9.67137	9.71543	9.68812	9.62001	9.51315	9.34406	9.25127	9.22913	9.14509	9.03023	8.88587	8.69853	8.58731	8.53792	8.43697	8.31213	8.16007	7.96003	7.82969	7.74771	7.55819	7.20476	6.63181	5.56423	4.65111	3.88793	3.25007	2.71695	2.27134	1.89889	1.58756	1.32732	1.10978	0.927918	0.775883	0.648776	0.542506	0.453653	0.37936	0.317237	0.265287	0.221843	0.185509	0.155118	0.129696	0.108426	0.0906274	0.0757288	0.0632531	0.0528006	0.0440366	0.0366806	0.030497	0.0252882	0.0208874	0.0171539	0.0139685	
9.41704	9.42088	9.4241	9.41481	9.36656	9.38876	9.48329	9.53277	9.55352	9.54415	9.48273	9.48959	9.56554	9.58931	9.58124	9.54144	9.44691	9.42467	9.47357	9.46774	9.43165	9.36588	9.25382	9.21256	9.23737	9.2151	9.16941	9.10303	9.00382	8.9789	9.02652	9.05169	9.08002	9.1253	9.19554	9.27587	9.37025	9.43435	9.43974	9.51236	9.66232	9.73828	9.76353	9.74012	9.6451	9.61942	9.66014	9.63143	9.56275	9.45594	9.28806	9.19526	9.17186	9.08772	8.97332	8.83018	8.64595	8.53514	8.48356	8.38231	8.258	8.10726	7.91032	7.78062	7.69696	7.50786	7.15641	6.5871	5.52658	4.61952	3.86141	3.2278	2.69824	2.25563	1.88568	1.57646	1.31799	1.10193	0.921321	0.770337	0.644115	0.53859	0.450363	0.376596	0.314916	0.263339	0.220208	0.184137	0.153967	0.12873	0.107617	0.0899492	0.0751608	0.0627777	0.052403	0.0437045	0.0364035	0.0302664	0.0250967	0.0207291	0.0170239	0.0138625	
9.39552	9.40044	9.40774	9.41289	9.41385	9.4376	9.48305	9.51809	9.53854	9.54308	9.5331	9.53992	9.56358	9.57227	9.5636	9.53766	9.49689	9.47357	9.46752	9.44702	9.41049	9.3587	9.29528	9.25101	9.22511	9.18879	9.1421	9.08771	9.03133	9.00288	9.00453	9.01471	9.03737	9.07959	9.14762	9.22674	9.32261	9.39895	9.45789	9.53175	9.62508	9.68359	9.70778	9.69994	9.66436	9.63622	9.61569	9.57091	9.50188	9.41046	9.30054	9.20538	9.12437	9.02706	8.91392	8.78715	8.65194	8.53592	8.43537	8.32404	8.20148	8.06632	7.91635	7.78547	7.65341	7.45468	7.10302	6.5372	5.48445	4.58416	3.83175	3.20293	2.67738	2.23813	1.87101	1.56415	1.30766	1.09327	0.914054	0.764242	0.639002	0.534302	0.446767	0.373581	0.312388	0.261221	0.218433	0.18265	0.152722	0.127688	0.106744	0.0892188	0.0745498	0.0622669	0.0519764	0.0433484	0.0361068	0.0300196	0.024892	0.0205599	0.0168849	0.0137494	
9.36905	9.37482	9.38478	9.39686	9.41143	9.43574	9.46804	9.4968	9.51706	9.52764	9.53123	9.5377	9.54693	9.54863	9.53933	9.51915	9.4918	9.46774	9.44702	9.41957	9.38238	9.33609	9.28485	9.23899	9.19872	9.15531	9.10726	9.05694	9.0104	8.97947	8.96721	8.96906	8.987	9.02594	9.09124	9.16832	9.26358	9.34371	9.41397	9.48632	9.56393	9.6144	9.6373	9.63504	9.61307	9.5836	9.54761	9.49582	9.42647	9.34132	9.2454	9.15003	9.05564	8.95317	8.84104	8.72104	8.59798	8.4811	8.36944	8.25437	8.13332	8.00486	7.86728	7.73711	7.59496	7.3932	7.04311	6.48172	5.43771	4.54499	3.79894	3.17546	2.65437	2.21886	1.85487	1.55063	1.29634	1.08379	0.906113	0.757592	0.633434	0.52964	0.442865	0.370315	0.309655	0.258933	0.216519	0.181048	0.151382	0.126568	0.105808	0.0884361	0.0738959	0.0617208	0.0515206	0.0429684	0.0357904	0.0297566	0.024674	0.02038	0.0167371	0.0136291	
9.33745	9.34327	9.35329	9.36535	9.37976	9.40415	9.43679	9.4657	9.48589	9.49615	9.49916	9.50519	9.51415	9.51535	9.50539	9.48445	9.45628	9.43165	9.41049	9.38238	9.34437	9.29704	9.2445	9.19756	9.1564	9.11168	9.06194	9.00956	8.96057	8.92752	8.91341	8.91291	8.92812	8.96406	9.02609	9.09978	9.1914	9.26772	9.33393	9.40325	9.47895	9.52756	9.54875	9.54474	9.52081	9.49056	9.45489	9.40305	9.33342	9.24786	9.15159	9.05707	8.96433	8.86307	8.75185	8.63244	8.50953	8.39377	8.28421	8.1709	8.05135	7.92427	7.78787	7.65978	7.52067	7.32206	6.97606	6.42042	5.38627	4.50198	3.76298	3.14538	2.62921	2.19782	1.83727	1.53591	1.28403	1.07349	0.8975	0.750389	0.627412	0.524605	0.438656	0.366797	0.306714	0.256476	0.214466	0.179333	0.149949	0.125371	0.104808	0.0876015	0.0731994	0.0611397	0.0510361	0.0425648	0.0354545	0.0294777	0.0244429	0.0201893	0.0165807	0.0135017	
9.30109	9.30617	9.31368	9.31883	9.31886	9.34275	9.38954	9.42496	9.44528	9.44903	9.437	9.44262	9.46588	9.47303	9.46238	9.43421	9.39083	9.36588	9.3587	9.33609	9.29704	9.24218	9.17433	9.12677	9.09864	9.05821	9.00636	8.94582	8.88148	8.84682	8.84366	8.84667	8.86101	8.89414	8.95237	9.02134	9.10634	9.17125	9.2167	9.28121	9.36983	9.42259	9.44179	9.42901	9.3863	9.35594	9.33789	9.29287	9.22292	9.13027	9.01832	8.92604	8.85103	8.75708	8.64663	8.52171	8.38557	8.2728	8.17982	8.07351	7.95537	7.82448	7.67705	7.55262	7.43091	7.24153	6.90201	6.35338	5.33018	4.45516	3.72388	3.11271	2.60192	2.17501	1.81821	1.51999	1.27072	1.06237	0.888217	0.742637	0.620938	0.5192	0.434143	0.36303	0.30357	0.253852	0.212276	0.177505	0.148424	0.124098	0.103746	0.086716	0.0724609	0.0605242	0.0505233	0.0421379	0.0350996	0.0291831	0.0241991	0.0199881	0.0164156	0.0133674	
9.26084	9.265	9.26879	9.26017	9.21236	9.2342	9.32849	9.37787	9.39874	9.38917	9.32696	9.33224	9.40529	9.42581	9.41448	9.37155	9.2783	9.25382	9.29528	9.28485	9.2445	9.17433	9.05761	9.01076	9.02876	8.99827	8.94368	8.86794	8.75885	8.72445	8.76108	8.77297	8.78697	8.8169	8.87072	8.93422	9.01089	9.05717	9.04445	9.10088	9.23688	9.3011	9.31887	9.28997	9.1895	9.16076	9.19989	9.16888	9.09851	8.99069	8.82826	8.74161	8.71974	8.63863	8.52863	8.39053	8.21026	8.10434	8.05943	7.96422	7.8467	7.7051	7.51804	7.39962	7.32859	7.1536	6.8218	6.28092	5.2696	4.40464	3.68171	3.0775	2.57252	2.15046	1.79771	1.50287	1.25644	1.05046	0.878274	0.734343	0.614021	0.513431	0.429333	0.359019	0.300226	0.251064	0.209951	0.175568	0.146809	0.122751	0.102624	0.0857805	0.0716815	0.059875	0.0499828	0.0416883	0.0347261	0.0288732	0.0239426	0.0197767	0.0162422	0.0132263	
9.21799	9.22234	9.22655	9.21865	9.1724	9.19316	9.28442	9.33332	9.3557	9.3481	9.28848	9.29399	9.36497	9.38448	9.37258	9.32961	9.23777	9.21256	9.25101	9.23899	9.19756	9.12677	9.01076	8.96193	8.97495	8.94031	8.88214	8.80482	8.69708	8.66095	8.6917	8.69879	8.70816	8.73331	8.78206	8.8405	8.91206	8.95404	8.93966	8.98836	9.11048	9.16916	9.18825	9.16241	9.06852	9.04006	9.07326	9.04049	8.97036	8.86488	8.70925	8.62361	8.59708	8.51568	8.40728	8.27252	8.09925	7.99443	7.94488	7.84822	7.73073	7.59423	7.41854	7.30587	7.2352	7.06342	6.73686	6.20347	5.20474	4.35051	3.63653	3.03979	2.54104	2.1242	1.7758	1.4846	1.2412	1.03775	0.867685	0.725519	0.60667	0.507307	0.424232	0.35477	0.296687	0.248116	0.207496	0.173523	0.145106	0.121333	0.101443	0.0847968	0.0708624	0.0591932	0.0494156	0.0412168	0.0343345	0.0285485	0.0236741	0.0195553	0.0160607	0.0130787	
9.1734	9.17903	9.18757	9.19396	9.19505	9.21461	9.25282	9.28735	9.31426	9.32436	9.31745	9.32381	9.34423	9.34927	9.33693	9.30769	9.26464	9.23737	9.22511	9.19872	9.1564	9.09864	9.02876	8.97495	8.9353	8.88232	8.81774	8.75161	8.68903	8.64972	8.63414	8.62427	8.62508	8.64391	8.68686	8.74047	8.80954	8.85931	8.89079	8.92958	8.97816	9.01648	9.04536	9.04047	9.00793	8.97843	8.95289	8.90537	8.83612	8.74766	8.64568	8.55663	8.47812	8.38608	8.2805	8.16303	8.03847	7.92921	7.8311	7.72173	7.59953	7.48219	7.36641	7.26092	7.14823	6.97045	6.64714	6.12113	5.13569	4.29286	3.58841	2.99963	2.50753	2.09625	1.75249	1.46518	1.22502	1.02428	0.856467	0.716182	0.598898	0.50084	0.418851	0.350292	0.292961	0.245016	0.204916	0.171376	0.143319	0.119846	0.100205	0.0837668	0.0700053	0.0584802	0.0488228	0.0407242	0.0339256	0.0282096	0.0233939	0.0193245	0.0158715	0.0129247	
9.12773	9.13448	9.14615	9.15956	9.17189	9.18421	9.19331	9.22032	9.26228	9.28695	9.29697	9.30472	9.31222	9.31094	9.29822	9.27452	9.24361	9.2151	9.18879	9.15531	9.11168	9.05821	8.99827	8.94031	8.88232	8.81322	8.73196	8.67038	8.63114	8.59437	8.56494	8.5442	8.53699	8.549	8.58537	8.63315	8.69747	8.7462	8.78038	8.80296	8.81148	8.83604	8.87866	8.88698	8.87141	8.84301	8.80528	8.7523	8.68379	8.60211	8.51223	8.42331	8.33514	8.24029	8.1374	8.0277	7.91459	7.80445	7.69436	7.57667	7.44601	7.34185	7.25789	7.16396	7.04742	6.87012	6.55166	6.03377	5.0625	4.23175	3.53739	2.95705	2.47202	2.06664	1.72783	1.44464	1.20793	1.01006	0.844644	0.706351	0.590725	0.494046	0.413202	0.345597	0.289057	0.24177	0.202217	0.169131	0.141452	0.118293	0.0989136	0.0826928	0.0691122	0.0577376	0.0482056	0.0402115	0.0335002	0.0278572	0.0231026	0.0190845	0.0156748	0.0127648	
9.08235	9.08973	9.10291	9.11866	9.13147	9.13031	9.0881	9.11049	9.19858	9.23778	9.25206	9.26121	9.26922	9.26792	9.25487	9.23061	9.19884	9.16941	9.1421	9.10726	9.06194	9.00636	8.94368	8.88214	8.81774	8.73196	8.60589	8.54727	8.55119	8.52172	8.4871	8.45901	8.4446	8.44949	8.47847	8.51916	8.57642	8.619	8.64527	8.64601	8.59222	8.60461	8.68345	8.70172	8.69351	8.66685	8.63051	8.57815	8.51023	8.42916	8.33953	8.25236	8.16744	8.0755	7.97538	7.86814	7.75648	7.64731	7.53373	7.40896	7.25257	7.16192	7.12637	7.0472	6.9355	6.76249	6.45046	5.94158	4.98527	4.16726	3.48354	2.91211	2.43455	2.03543	1.70185	1.42303	1.18997	0.995133	0.832244	0.696052	0.582172	0.486942	0.407303	0.340696	0.284987	0.238388	0.199407	0.166796	0.139511	0.11668	0.0975721	0.0815776	0.0681851	0.0569671	0.0475654	0.03968	0.0330593	0.027492	0.0228008	0.018836	0.0154712	0.0125992	
9.03931	9.04702	9.06105	9.07827	9.09288	9.09291	9.05232	9.07289	9.15541	9.18693	9.18735	9.19649	9.218	9.2226	9.20926	9.17856	9.13302	9.10303	9.08771	9.05694	9.00956	8.94582	8.86794	8.80482	8.75161	8.67038	8.54727	8.48687	8.48395	8.44828	8.40668	8.37139	8.34968	8.3469	8.3676	8.40001	8.4488	8.48389	8.50363	8.49874	8.44372	8.44662	8.50599	8.50805	8.47866	8.45008	8.42915	8.38272	8.31516	8.22899	8.12614	8.04229	7.97521	7.89154	7.79437	7.68501	7.56414	7.46127	7.36796	7.25767	7.11778	7.03492	6.99975	6.92421	6.81672	6.64895	6.34415	5.84492	4.90417	4.09944	3.42688	2.86483	2.39515	2.00264	1.6746	1.40039	1.17117	0.979538	0.819305	0.685317	0.573266	0.479553	0.401171	0.335607	0.280762	0.23488	0.196494	0.164376	0.137501	0.11501	0.0961842	0.0804241	0.0672266	0.0561707	0.0469039	0.0391309	0.0326039	0.0271149	0.0224892	0.0185794	0.0152609	0.0124282	
9.00108	9.00902	9.02372	9.04277	9.06226	9.0769	9.08354	9.10483	9.13615	9.13922	9.0896	9.0975	9.164	9.18113	9.16751	9.12357	9.03342	9.00382	9.03133	9.0104	8.96057	8.88148	8.75885	8.69708	8.68903	8.63114	8.55119	8.48395	8.43276	8.37916	8.32748	8.28407	8.25438	8.2431	8.25443	8.27731	8.31639	8.34334	8.3587	8.36066	8.3492	8.34377	8.33981	8.30502	8.21334	8.18103	8.204	8.16835	8.10099	8.0037	7.86223	7.78479	7.76193	7.69069	7.59654	7.47979	7.32769	7.23723	7.19758	7.11757	7.02633	6.94676	6.87729	6.79729	6.6926	6.5303	6.23321	5.7441	4.81927	4.0283	3.3674	2.81522	2.35387	1.96834	1.64613	1.37679	1.15161	0.963324	0.80587	0.674184	0.56404	0.471905	0.394829	0.330348	0.276399	0.231259	0.193488	0.161881	0.135428	0.113288	0.094754	0.0792359	0.0662393	0.0553505	0.0462228	0.0385656	0.0321351	0.0267268	0.0221686	0.0183154	0.0150446	0.0122523	
8.9703	8.97839	8.99364	9.01418	9.03734	9.06022	9.08137	9.10382	9.12216	9.11855	9.06838	9.07537	9.13955	9.15599	9.1422	9.09844	9.00956	8.9789	9.00288	8.97947	8.92752	8.84682	8.72445	8.66095	8.64972	8.59437	8.52172	8.44828	8.37916	8.3127	8.25144	8.19945	8.16099	8.14011	8.14073	8.1525	8.18016	8.19719	8.20545	8.20533	8.19747	8.18499	8.1637	8.11855	8.02723	7.99009	8.00124	7.9621	7.89523	7.80203	7.67166	7.59644	7.56726	7.49664	7.40633	7.2967	7.15844	7.07486	7.03698	6.96696	6.88945	6.81456	6.74203	6.66309	6.56258	6.40646	6.11765	5.63917	4.73044	3.95369	3.30502	2.76328	2.31073	1.93258	1.61652	1.35229	1.13134	0.946556	0.791995	0.6627	0.554531	0.464029	0.388303	0.324938	0.271913	0.227538	0.190401	0.159318	0.1333	0.111521	0.0932859	0.0780163	0.0652262	0.054509	0.045524	0.0379856	0.0316542	0.0263286	0.0218396	0.0180445	0.0148227	0.0120719	
8.94961	8.95789	8.97363	8.99525	9.02061	9.04743	9.07384	9.09856	9.11796	9.12599	9.12059	9.12769	9.14684	9.15038	9.13652	9.10553	9.05985	9.02652	9.00453	8.96721	8.91341	8.84366	8.76108	8.6917	8.63414	8.56494	8.4871	8.40668	8.32748	8.25144	8.18124	8.12022	8.07197	8.0401	8.02831	8.02688	8.04076	8.0456	8.04402	8.03681	8.02409	8.00573	7.97961	7.94184	7.89292	7.84995	7.81107	7.75908	7.6932	7.61503	7.52938	7.45256	7.38261	7.30499	7.21935	7.12711	7.03275	6.95106	6.88041	6.80823	6.7358	6.66545	6.59595	6.52088	6.4255	6.27618	5.99668	5.52961	4.63713	3.87526	3.2396	2.70899	2.26582	1.89548	1.5859	1.32701	1.11047	0.929314	0.777746	0.650918	0.544783	0.45596	0.38162	0.319401	0.267323	0.223731	0.187242	0.156696	0.131124	0.109713	0.0917847	0.0767692	0.0641901	0.0536484	0.0448093	0.0373924	0.0311623	0.0259214	0.0215031	0.0177674	0.0145957	0.0118873	
8.94161	8.95022	8.96663	8.98929	9.01624	9.0453	9.07438	9.10144	9.12401	9.13964	9.14835	9.15603	9.16212	9.15929	9.14533	9.12039	9.08684	9.05169	9.01471	8.96906	8.91291	8.84667	8.77297	8.69879	8.62427	8.5442	8.45901	8.37139	8.28407	8.19945	8.12022	8.04934	7.98997	7.94541	7.91913	7.90177	7.89806	7.88824	7.87483	7.85823	7.83806	7.81354	7.7834	7.74636	7.70286	7.6564	7.60643	7.54919	7.48415	7.41242	7.33661	7.26095	7.18539	7.10703	7.02574	6.9427	6.8604	6.78277	6.70988	6.63933	6.5711	6.50528	6.43988	6.36881	6.27789	6.1352	5.86798	5.4139	4.53817	3.7924	3.17095	2.65241	2.21927	1.85721	1.55441	1.30109	1.08911	0.911695	0.7632	0.6389	0.534846	0.447737	0.374812	0.313761	0.262647	0.219854	0.184025	0.154026	0.128907	0.107872	0.0902552	0.0754984	0.0631343	0.0527712	0.0440807	0.0367876	0.0306608	0.025506	0.02116	0.0174848	0.0143642	0.011699	
8.94863	8.95791	8.97552	8.99972	9.02844	9.05947	9.09065	9.11991	9.14521	9.16494	9.17859	9.18709	9.18989	9.18476	9.17066	9.14763	9.11677	9.08002	9.03737	8.987	8.92812	8.86101	8.78697	8.70816	8.62508	8.53699	8.4446	8.34968	8.25438	8.16099	8.07197	7.98997	7.91785	7.85861	7.81547	7.77909	7.75032	7.72361	7.69733	7.67046	7.64197	7.61077	7.57574	7.53599	7.49135	7.44238	7.38885	7.32994	7.26569	7.19689	7.12492	7.05134	6.97661	6.90048	6.82331	6.74605	6.6701	6.59698	6.52714	6.46028	6.39622	6.33423	6.27163	6.20191	6.11109	5.97094	5.72742	5.2886	4.43149	3.7044	3.09907	2.59378	2.17141	1.81805	1.5223	1.27471	1.06741	0.893814	0.748448	0.626715	0.524773	0.439403	0.367911	0.308043	0.257907	0.215922	0.180762	0.151317	0.126657	0.106003	0.0887022	0.0742078	0.0620617	0.0518798	0.0433403	0.0361728	0.0301508	0.0250836	0.0208109	0.0171973	0.0141286	0.0115074	
8.9726	8.98315	9.00298	9.02976	9.06107	9.0946	9.12816	9.15972	9.1874	9.20969	9.22572	9.2352	9.23756	9.23185	9.21753	9.19463	9.16365	9.1253	9.07959	9.02594	8.96406	8.89414	8.8169	8.73331	8.64391	8.549	8.44949	8.3469	8.2431	8.14011	8.0401	7.94541	7.85861	7.78249	7.71998	7.66478	7.61739	7.57539	7.53673	7.49977	7.46303	7.42513	7.38485	7.34125	7.29385	7.24254	7.18713	7.12739	7.06351	6.9961	6.92611	6.85449	6.78182	6.70837	6.63469	6.56156	6.48999	6.42093	6.35485	6.29174	6.23127	6.17227	6.11161	6.04246	5.95109	5.81122	5.57361	5.14535	4.3141	3.61106	3.02453	2.53378	2.12276	1.77842	1.48988	1.24812	1.04554	0.875799	0.733585	0.614438	0.51462	0.431	0.360951	0.302273	0.253122	0.211951	0.177466	0.148579	0.124382	0.104112	0.0871306	0.0729012	0.0609754	0.0509768	0.0425898	0.0355495	0.0296336	0.0246551	0.0204566	0.0169055	0.0138894	0.0113129	
9.01476	9.02761	9.05149	9.08252	9.11774	9.15475	9.19142	9.22574	9.25587	9.28024	9.29791	9.30855	9.31156	9.30601	9.29139	9.26776	9.23559	9.19554	9.14762	9.09124	9.02609	8.95237	8.87072	8.78206	8.68686	8.58537	8.47847	8.3676	8.25443	8.14073	8.02831	7.91913	7.81547	7.71998	7.63218	7.55789	7.49416	7.43836	7.38815	7.34154	7.29671	7.25207	7.20622	7.1581	7.10723	7.05359	6.99689	6.93663	6.8728	6.80594	6.73701	6.66713	6.5968	6.5261	6.45535	6.3853	6.31694	6.2513	6.18873	6.12882	6.07081	6.01303	5.95174	5.87933	5.7814	5.63167	5.38312	4.95323	4.18473	3.51472	2.94927	2.47366	2.07417	1.73886	1.45753	1.22156	1.02369	0.857786	0.718713	0.602142	0.504445	0.422571	0.353964	0.296478	0.248312	0.207957	0.174147	0.145821	0.12209	0.102206	0.0855449	0.0715822	0.0598782	0.0500643	0.0418312	0.0349192	0.0291104	0.0242214	0.020098	0.01661	0.0136471	0.0111158	
9.06027	9.07694	9.10814	9.14548	9.18575	9.22686	9.26692	9.30405	9.3363	9.36193	9.38028	9.39214	9.39687	9.39225	9.37728	9.35204	9.3176	9.27587	9.22674	9.16832	9.09978	9.02134	8.93422	8.8405	8.74047	8.63315	8.51916	8.40001	8.27731	8.1525	8.02688	7.90177	7.77909	7.66478	7.55789	7.467	7.38897	7.32092	7.2603	7.20481	7.15244	7.10137	7.0499	6.99677	6.94175	6.88583	6.8285	6.76799	6.7038	6.63649	6.5675	6.499	6.43135	6.36341	6.29505	6.22699	6.16065	6.09803	6.03926	5.98281	5.92745	5.87141	5.81074	5.73761	5.63766	5.48536	5.23625	4.81378	4.07105	3.42428	2.87686	2.41517	2.0266	1.69997	1.42562	1.1953	1.00204	0.839905	0.703925	0.589899	0.494299	0.414157	0.346981	0.29068	0.243495	0.203953	0.170818	0.143053	0.119786	0.100289	0.0839494	0.0702542	0.058773	0.0491446	0.0410661	0.0342832	0.0285822	0.0237835	0.0197358	0.0163114	0.0134023	0.0109166	
9.10828	9.13075	9.17753	9.22367	9.27004	9.31581	9.35961	9.39982	9.43408	9.45973	9.47638	9.48971	9.49909	9.49709	9.48169	9.45308	9.4136	9.37025	9.32261	9.26358	9.1914	9.10634	9.01089	8.91206	8.80954	8.69747	8.57642	8.4488	8.31639	8.18016	8.04076	7.89806	7.75032	7.61739	7.49416	7.38897	7.29848	7.21962	7.14958	7.08586	7.02632	6.96904	6.91177	6.85243	6.79118	6.73321	6.67754	6.6178	6.55288	6.48346	6.41193	6.34466	6.28153	6.21705	6.15053	6.08275	6.01594	5.95599	5.90265	5.85043	5.79793	5.74396	5.6848	5.61251	5.51292	5.36134	5.115	4.70011	3.97256	3.34212	2.80912	2.35948	1.98079	1.66223	1.39447	1.16957	0.980746	0.822271	0.689306	0.577771	0.48423	0.405793	0.34003	0.2849	0.238687	0.199953	0.167489	0.140281	0.117478	0.0983665	0.0823481	0.0689204	0.057662	0.0482195	0.0402961	0.0336427	0.02805	0.023342	0.0193704	0.0160101	0.0131552	0.0107156	
9.15498	9.18145	9.23592	9.28868	9.34013	9.38955	9.43595	9.47866	9.51419	9.53582	9.5405	9.55567	9.58076	9.58617	9.57035	9.53371	9.47877	9.43435	9.39895	9.34371	9.26772	9.17125	9.05717	8.95404	8.85931	8.7462	8.619	8.48389	8.34334	8.19719	8.0456	7.88824	7.72361	7.57539	7.43836	7.32092	7.21962	7.13114	7.05238	6.98061	6.91381	6.8506	6.78756	6.7195	6.64466	6.58541	6.53937	6.48286	6.41681	6.34209	6.26046	6.19477	6.14328	6.08424	6.01894	5.94824	5.87362	5.8163	5.77471	5.72825	5.67844	5.62668	5.56994	5.49961	5.40164	5.25205	5.00931	4.6012	3.88539	3.26755	2.74631	2.307	1.9371	1.62591	1.36431	1.14451	0.959928	0.80497	0.674922	0.565808	0.474277	0.397509	0.333134	0.279157	0.233903	0.195967	0.164167	0.137512	0.11517	0.0964427	0.0807443	0.0675834	0.0565476	0.0472908	0.0395225	0.0329988	0.0275147	0.0228977	0.0190026	0.0157067	0.0129063	0.010513	
9.19753	9.22656	9.28552	9.34275	9.39745	9.44801	9.49371	9.5387	9.57757	9.58981	9.54202	9.55961	9.64317	9.66474	9.6485	9.59506	9.48364	9.43974	9.45789	9.41397	9.33393	9.2167	9.04445	8.93966	8.89079	8.78038	8.64527	8.50363	8.3587	8.20545	8.04402	7.87483	7.69733	7.53673	7.38815	7.2603	7.14958	7.05238	6.96509	6.88448	6.80894	6.74063	6.67421	6.59517	6.48995	6.43173	6.41319	6.36219	6.2946	6.21056	6.10296	6.04058	6.01626	5.96422	5.89945	5.8219	5.72431	5.67043	5.65441	5.61368	5.56413	5.51433	5.46203	5.39511	5.2996	5.1525	4.91342	4.51148	3.8062	3.19908	2.6879	2.25761	1.89557	1.59112	1.33522	1.12022	0.939654	0.788057	0.660816	0.554044	0.464466	0.389327	0.326309	0.273463	0.229154	0.192004	0.160861	0.134753	0.112867	0.094521	0.0791406	0.0662453	0.0554313	0.0463599	0.0387466	0.0323526	0.0269771	0.0224513	0.0186328	0.0154015	0.0126558	0.0103091	
9.23397	9.26468	9.32651	9.38645	9.44195	9.48842	9.52233	9.57048	9.62881	9.65357	9.6113	9.63341	9.7225	9.74567	9.72912	9.67378	9.55779	9.51236	9.53175	9.48632	9.40325	9.28121	9.10088	8.98836	8.92958	8.80296	8.64601	8.49874	8.36066	8.20533	8.03681	7.85823	7.67046	7.49977	7.34154	7.20481	7.08586	6.98061	6.88448	6.79238	6.70149	6.63032	6.57231	6.49691	6.39494	6.33542	6.31141	6.25782	6.18916	6.1057	6.00203	5.9397	5.9115	5.85881	5.79484	5.71943	5.62666	5.57302	5.55201	5.50566	5.44654	5.398	5.35701	5.296	5.20376	5.05936	4.82385	4.42772	3.73255	3.13521	2.63307	2.21091	1.85604	1.55778	1.30719	1.0967	0.919945	0.771556	0.647011	0.542499	0.454814	0.381259	0.319566	0.267829	0.224446	0.18807	0.157574	0.132007	0.110573	0.0926041	0.0775393	0.0649079	0.0543146	0.0454278	0.0379691	0.0317046	0.0264377	0.0220031	0.0182613	0.0150949	0.012404	0.0101041	
9.26278	9.2946	9.35836	9.41983	9.47415	9.50895	9.49065	9.54161	9.66605	9.73031	9.76141	9.78964	9.82433	9.83245	9.81547	9.77465	9.71158	9.66232	9.62508	9.56393	9.47895	9.36983	9.23688	9.11048	8.97816	8.81148	8.59222	8.44372	8.3492	8.19747	8.02409	7.83806	7.64197	7.46303	7.29671	7.15244	7.02632	6.91381	6.80894	6.70149	6.57732	6.50668	6.47985	6.42039	6.34837	6.28439	6.22825	6.16587	6.09665	6.02164	5.94463	5.87915	5.8233	5.7644	5.70158	5.63545	5.56886	5.513	5.4636	5.40174	5.31427	5.26686	5.25385	5.20085	5.11203	4.9703	4.73826	4.34779	3.66265	3.07468	2.58102	2.16643	1.81821	1.52575	1.28014	1.07391	0.900782	0.755462	0.633507	0.531177	0.445327	0.373313	0.312912	0.262259	0.219784	0.184169	0.154309	0.129276	0.108288	0.0906935	0.0759418	0.0635724	0.0531985	0.0444955	0.0371908	0.0310554	0.025897	0.0215535	0.0178886	0.014787	0.0121512	0.00989824	
9.28267	9.3152	9.38024	9.44302	9.49894	9.53683	9.52242	9.58031	9.71585	9.79229	9.84187	9.8713	9.89006	9.89115	9.87352	9.83839	9.78965	9.73828	9.68359	9.6144	9.52756	9.42259	9.3011	9.16916	9.01648	8.83604	8.60461	8.44662	8.34377	8.18499	8.00573	7.81354	7.61077	7.42513	7.25207	7.10137	6.96904	6.8506	6.74063	6.63032	6.50668	6.43456	6.40402	6.34517	6.27697	6.2099	6.14521	6.07836	6.00822	5.93569	5.86359	5.79692	5.73519	5.67384	5.61163	5.54906	5.48817	5.43232	5.37827	5.31495	5.22981	5.18133	5.16398	5.11023	5.02289	4.88355	4.65497	4.27018	3.59521	3.01649	2.53102	2.12366	1.78177	1.49481	1.25394	1.05178	0.882119	0.739747	0.620289	0.52007	0.436	0.365485	0.306346	0.256753	0.215168	0.180301	0.151069	0.126561	0.106015	0.0887903	0.0743487	0.0622393	0.0520834	0.0435633	0.036412	0.0304055	0.0253552	0.0211028	0.0175147	0.014478	0.0118974	0.00969153	
9.29255	9.32531	9.39064	9.45344	9.51172	9.56818	9.61957	9.68968	9.78093	9.84115	9.87794	9.9034	9.92088	9.92128	9.90274	9.86631	9.81613	9.76353	9.70778	9.6373	9.54875	9.44179	9.31887	9.18825	9.04536	8.87866	8.68345	8.50599	8.33981	8.1637	7.97961	7.7834	7.57574	7.38485	7.20622	7.0499	6.91177	6.78756	6.67421	6.57231	6.47985	6.40402	6.33938	6.2692	6.19529	6.12549	6.05982	5.99195	5.92068	5.84683	5.77314	5.70609	5.64515	5.58424	5.52215	5.45943	5.39816	5.34356	5.29367	5.24045	5.18246	5.13025	5.08055	5.01917	4.93354	4.79737	4.57268	4.1938	3.52927	2.95984	2.48247	2.08217	1.74641	1.46475	1.22845	1.03021	0.86389	0.724368	0.607329	0.509158	0.42682	0.357768	0.299863	0.251308	0.210597	0.176466	0.147851	0.123863	0.103753	0.0868943	0.0727601	0.0609088	0.0509696	0.0426314	0.0356329	0.0297548	0.0248125	0.0206511	0.0171398	0.0141681	0.0116427	0.00948407	
9.29169	9.32406	9.38788	9.44559	9.49361	9.56143	9.6511	9.73342	9.80897	9.85173	9.86436	9.88593	9.91843	9.9251	9.90552	9.86063	9.79304	9.74012	9.69994	9.63504	9.54474	9.42901	9.28997	9.16241	9.04047	8.88698	8.70172	8.50805	8.30502	8.11855	7.94184	7.74636	7.53599	7.34125	7.1581	6.99677	6.85243	6.7195	6.59517	6.49691	6.42039	6.34517	6.2692	6.18739	6.09984	6.02852	5.97118	5.90582	5.83324	5.75431	5.67103	5.60444	5.55252	5.49492	5.43248	5.36584	5.29634	5.24329	5.20435	5.15883	5.10661	5.04834	4.98057	4.91562	4.84044	4.71044	4.49052	4.11788	3.46414	2.90414	2.43488	2.04157	1.71184	1.43536	1.20351	1.00908	0.846021	0.70927	0.594588	0.498415	0.41777	0.350149	0.293452	0.245918	0.206067	0.172659	0.144654	0.121179	0.101501	0.0850047	0.0711755	0.0595805	0.0498567	0.0416996	0.0348534	0.0291033	0.0242689	0.0201984	0.0167638	0.0138572	0.0113872	0.00927588	
9.27991	9.31161	9.37253	9.41806	9.41632	9.48814	9.64647	9.74645	9.80956	9.82908	9.77458	9.79281	9.88576	9.90802	9.88742	9.82465	9.6963	9.6451	9.66436	9.61307	9.52081	9.3863	9.1895	9.06852	9.00793	8.87141	8.69351	8.47866	8.21334	8.02723	7.89292	7.70286	7.49135	7.29385	7.10723	6.94175	6.79118	6.64466	6.48995	6.39494	6.34837	6.27697	6.19529	6.09984	5.98085	5.91097	5.8815	5.82157	5.74746	5.65913	5.54943	5.48541	5.45951	5.40743	5.34411	5.26939	5.17574	5.12516	5.11182	5.07341	5.02174	4.9534	4.85339	4.78747	4.74439	4.62333	4.40841	4.04205	3.39938	2.84896	2.38788	2.00156	1.67781	1.40645	1.17899	0.9883	0.828431	0.694397	0.582023	0.487811	0.408826	0.342611	0.287103	0.240572	0.201569	0.168876	0.141474	0.118507	0.099256	0.08312	0.0695937	0.0582536	0.0487442	0.0407675	0.0340731	0.0284508	0.0237242	0.0197445	0.0163868	0.0135453	0.0111307	0.00906693	
9.25757	9.28941	9.35075	9.39766	9.39931	9.47478	9.63636	9.73649	9.7955	9.81166	9.75591	9.77227	9.86238	9.88326	9.8619	9.79885	9.67137	9.61942	9.63622	9.5836	9.49056	9.35594	9.16076	9.04006	8.97843	8.84301	8.66685	8.45008	8.18103	7.99009	7.84995	7.6564	7.44238	7.24254	7.05359	6.88583	6.73321	6.58541	6.43173	6.33542	6.28439	6.2099	6.12549	6.02852	5.91097	5.83965	5.8056	5.74371	5.66882	5.58085	5.47404	5.40945	5.37945	5.32578	5.26198	5.18794	5.09765	5.04692	5.02984	4.99051	4.93896	4.87126	4.77423	4.70763	4.66063	4.53939	4.32687	3.96614	3.33468	2.79399	2.34117	1.96188	1.64411	1.37786	1.15475	0.96776	0.811042	0.679688	0.56959	0.477309	0.399962	0.335134	0.280799	0.235261	0.197096	0.165111	0.138306	0.115842	0.0970161	0.0812379	0.068013	0.0569267	0.0476311	0.0398343	0.0332915	0.027797	0.023178	0.0192893	0.0160085	0.0132323	0.0108733	0.00885715	
9.22473	9.25744	9.32225	9.38328	9.43909	9.51971	9.6293	9.71334	9.7706	9.80091	9.8058	9.82141	9.8485	9.85188	9.83005	9.78359	9.71543	9.66014	9.61569	9.54761	9.45489	9.33789	9.19989	9.07326	8.95289	8.80528	8.63051	8.42915	8.204	8.00124	7.81107	7.60643	7.38885	7.18713	6.99689	6.8285	6.67754	6.53937	6.41319	6.31141	6.22825	6.14521	6.05982	5.97118	5.8815	5.8056	5.74056	5.67092	5.59599	5.51651	5.43571	5.36732	5.3093	5.2486	5.18474	5.11843	5.05252	4.99903	4.95587	4.91007	4.85909	4.80071	4.73354	4.66591	4.58597	4.45748	4.24537	3.88982	3.26976	2.73896	2.29452	1.92232	1.61058	1.34944	1.13067	0.947367	0.79378	0.665084	0.557243	0.466875	0.39115	0.327696	0.274524	0.22997	0.192637	0.161355	0.135144	0.113181	0.0947774	0.0793557	0.0664313	0.0555983	0.0465161	0.0388992	0.0325079	0.0271412	0.0226301	0.0188325	0.0156288	0.012918	0.0106148	0.00864645	
